Energy Count
1.904999 1
1.914999 2
1.924999 2
1.934999 2
1.944999 1
1.954998 0
1.964998 0
1.974998 1
1.984998 1
1.994998 4
2.004998 0
2.014998 0
2.024999 1
2.034998 0
2.044999 0
2.054998 1
2.064999 0
2.074998 0
2.084999 0
2.094998 3
2.104999 1
2.114998 0
2.124999 3
2.134998 1
2.144999 1
2.154998 0
2.164999 1
2.174998 1
2.184999 0
2.194998 1
2.204998 1
2.214998 0
2.224998 0
2.234998 1
2.244998 0
2.254998 0
2.264998 2
2.274998 2
2.284998 1
2.294998 0
2.304998 1
2.314998 0
2.324998 2
2.334998 1
2.344998 0
2.354998 0
2.364998 0
2.374998 0
2.384998 0
2.394998 1
2.404998 2
2.414998 1
2.424998 0
2.434998 0
2.444998 1
2.454998 0
2.464998 1
2.474998 0
2.484998 0
2.494998 0
2.504998 1
2.514998 0
2.524998 3
2.534998 1
2.544998 3
2.554998 0
2.564998 2
2.574998 0
2.584998 1
2.594998 2
2.604998 1
2.614998 0
2.624998 0
2.634998 0
2.644998 0
2.654998 1
2.664998 2
2.674998 1
2.684998 0
2.694998 0
2.704998 1
2.714998 0
2.724998 0
2.734998 0
2.744998 0
2.754998 0
2.764998 1
2.774998 0
2.784998 1
2.794998 0
2.804998 2
2.814998 1
2.824998 0
2.834998 1
2.844998 1
2.854998 0
2.864998 1
2.874998 1
2.884998 0
2.894998 0
2.904998 0
2.914998 1
2.924998 2
2.934998 1
2.944998 0
2.954998 1
2.964998 1
2.974998 1
2.984998 0
2.994998 0
3.004998 0
3.014997 0
3.024998 1
3.034997 0
3.044998 1
3.054997 1
3.064998 2
3.074997 0
3.084998 0
3.094997 0
3.104998 0
3.114997 0
3.124998 0
3.134997 1
3.144998 1
3.154997 1
3.164998 2
3.174997 0
3.184998 0
3.194997 1
3.204998 0
3.214997 1
3.224998 1
3.234997 1
3.244998 2
3.254997 1
3.264997 1
3.274997 0
3.284997 0
3.294997 1
3.304997 0
3.314997 1
3.324997 0
3.334997 0
3.344997 0
3.354997 2
3.364997 2
3.374997 0
3.384997 1
3.394997 0
3.404997 1
3.414997 0
3.424997 1
3.434997 0
3.444997 0
3.454997 1
3.464997 0
3.474997 0
3.484997 1
3.494997 0
3.504997 1
3.514997 0
3.524997 1
3.534997 1
3.544997 0
3.554997 0
3.564997 2
3.574997 0
3.584997 1
3.594997 0
3.604997 2
3.614997 0
3.624997 1
3.634997 0
3.644997 0
3.654997 1
3.664997 0
3.674997 1
3.684997 1
3.694997 1
3.704997 0
3.714997 0
3.724997 0
3.734997 0
3.744997 2
3.754997 1
3.764997 0
3.774997 1
3.784997 0
3.794997 0
3.804997 1
3.814997 1
3.824997 0
3.834997 0
3.844997 2
3.854997 0
3.864997 0
3.874997 1
3.884997 0
3.894997 0
3.904997 0
3.914997 1
3.924997 0
3.934997 0
3.944997 0
3.954997 1
3.964997 0
3.974997 0
3.984997 0
3.994997 0
4.004997 0
4.014997 0
4.024997 0
4.034997 0
4.044998 1
4.054998 0
4.064998 0
4.074998 0
4.084999 0
4.094999 0
4.104999 0
4.114999 0
4.125 0
4.135 0
4.145 1
4.155 0
4.165 1
4.175001 0
4.185001 0
4.195001 0
4.205001 0
4.215002 0
4.225002 0
4.235002 0
4.245002 0
4.255002 0
4.265003 2
4.275003 1
4.285003 0
4.295003 0
4.305004 1
4.315004 1
4.325004 1
4.335004 1
4.345005 0
4.355005 0
4.365005 1
4.375005 0
4.385005 0
4.395006 1
4.405006 0
4.415006 1
4.425006 0
4.435007 0
4.445007 1
4.455007 1
4.465007 0
4.475008 0
4.485008 0
4.495008 0
4.505008 1
4.515008 1
4.525009 1
4.535009 1
4.545009 0
4.555009 0
4.56501 0
4.57501 0
4.58501 2
4.59501 0
4.605011 0
4.615011 0
4.625011 0
4.635011 2
4.645011 0
4.655012 0
4.665012 0
4.675012 0
4.685012 0
4.695013 1
4.705013 0
4.715013 0
4.725013 0
4.735013 0
4.745014 0
4.755014 0
4.765014 0
4.775014 0
4.785015 0
4.795015 0
4.805015 0
4.815015 1
4.825016 0
4.835016 0
4.845016 0
4.855016 0
4.865016 1
4.875017 0
4.885017 0
4.895017 0
4.905017 0
4.915018 0
4.925018 0
4.935018 0
4.945018 0
4.955019 0
4.965019 0
4.975019 0
4.985019 0
4.995019 0
5.00502 0
5.01502 0
5.02502 1
5.03502 0
5.045021 0
5.055021 1
5.065021 0
5.075021 0
5.085021 0
5.095022 1
5.105022 0
5.115022 0
5.125022 0
5.135023 0
5.145023 0
5.155023 1
5.165023 0
5.175024 0
5.185024 0
5.195024 0
5.205024 0
5.215024 1
5.225025 0
5.235025 0
5.245025 0
5.255025 0
5.265026 1
5.275026 0
5.285026 0
5.295026 1
5.305027 0
5.315027 0
5.325027 1
5.335027 1
5.345027 0
5.355028 0
5.365028 0
5.375028 1
5.385028 0
5.395029 0
5.405029 0
5.415029 0
5.425029 2
5.43503 0
5.44503 0
5.45503 0
5.46503 0
5.47503 0
5.485031 0
5.495031 0
5.505031 0
5.515031 0
5.525032 0
5.535032 0
5.545032 0
5.555032 0
5.565032 1
5.575033 0
5.585033 0
5.595033 0
5.605033 0
5.615034 0
5.625034 1
5.635034 0
5.645034 0
5.655035 0
5.665035 0
5.675035 1
5.685035 0
5.695035 0
5.705036 0
5.715036 0
5.725036 0
5.735036 0
5.745037 0
5.755037 1
5.765037 0
5.775037 0
5.785038 1
5.795038 0
5.805038 0
5.815038 0
5.825038 0
5.835039 0
5.845039 0
5.855039 0
5.865039 0
5.87504 0
5.88504 0
5.89504 0
5.90504 0
5.91504 0
5.925041 0
5.935041 0
5.945041 0
5.955041 0
5.965042 0
5.975042 0
5.985042 0
5.995042 0
6.005043 0
6.015043 0
6.025043 0
6.035043 0
6.045043 0
6.055044 0
6.065044 0
6.075044 0
6.085044 0
6.095045 0
6.105045 0
6.115045 0
6.125045 0
6.135046 0
6.145046 0
6.155046 0
6.165046 1
6.175046 0
6.185047 0
6.195047 0
6.205047 0
6.215047 0
6.225048 0
6.235048 0
6.245048 0
6.255048 0
6.265049 0
6.275049 1
6.285049 0
6.295049 0
6.305049 0
6.31505 0
6.32505 0
6.33505 0
6.34505 0
6.355051 1
6.365051 0
6.375051 0
6.385051 1
6.395051 1
6.405052 0
6.415052 0
6.425052 0
6.435052 0
6.445053 0
6.455053 0
6.465053 1
6.475053 0
6.485054 0
6.495054 0
6.505054 0
6.515054 1
6.525054 0
6.535055 0
6.545055 0
6.555055 0
6.565055 0
6.575056 0
6.585056 0
6.595056 0
6.605056 0
6.615057 0
6.625057 0
6.635057 0
6.645057 0
6.655057 0
6.665058 0
6.675058 0
6.685058 0
6.695058 0
6.705059 0
6.715059 0
6.725059 0
6.735059 0
6.745059 0
6.75506 0
6.76506 0
6.77506 0
6.78506 0
6.795061 1
6.805061 0
6.815061 0
6.825061 2
6.835062 0
6.845062 0
6.855062 0
6.865062 0
6.875062 0
6.885063 0
6.895063 0
6.905063 0
6.915063 0
6.925064 0
6.935064 1
6.945064 0
6.955064 0
6.965065 0
6.975065 0
6.985065 0
6.995065 0
7.005065 0
7.015066 0
7.025066 0
7.035066 0
7.045066 0
7.055067 0
7.065067 0
7.075067 0
7.085067 0
7.095068 0
7.105068 0
7.115068 0
7.125068 1
7.135068 0
7.145069 0
7.155069 0
7.165069 0
7.175069 0
7.18507 1
7.19507 0
7.20507 0
7.21507 0
7.22507 0
7.235071 0
7.245071 0
7.255071 0
7.265071 0
7.275072 1
7.285072 0
7.295072 0
7.305072 0
7.315073 0
7.325073 0
7.335073 0
7.345073 0
7.355073 0
7.365074 0
7.375074 0
7.385074 0
7.395074 0
7.405075 0
7.415075 0
7.425075 0
7.435075 0
7.445076 0
7.455076 0
7.465076 0
7.475076 0
7.485076 0
7.495077 0
7.505077 0
7.515077 0
7.525077 0
7.535078 0
7.545078 0
7.555078 0
7.565078 1
7.575078 0
7.585079 0
7.595079 0
7.605079 0
7.615079 0
7.62508 0
7.63508 0
7.64508 0
7.65508 0
7.665081 0
7.675081 0
7.685081 0
7.695081 0
7.705081 0
7.715082 0
7.725082 0
7.735082 0
7.745082 0
7.755083 0
7.765083 0
7.775083 0
7.785083 0
7.795084 0
7.805084 0
7.815084 0
7.825084 0
7.835084 0
7.845085 0
7.855085 0
7.865085 0
7.875085 1
7.885086 0
7.895086 0
7.905086 0
7.915086 0
7.925086 0
7.935087 0
7.945087 0
7.955087 0
7.965087 0
7.975088 0
7.985088 0
7.995088 0
8.005088 0
8.015088 0
8.025088 0
8.035089 0
8.045089 0
8.055089 0
8.065089 0
8.075089 0
8.08509 1
8.09509 0
8.10509 0
8.11509 0
8.125091 0
8.135091 0
8.145091 0
8.155091 1
8.165092 1
8.175092 0
8.185092 1
8.195092 0
8.205092 0
8.215093 0
8.225093 0
8.235093 0
8.245093 0
8.255094 0
8.265094 1
8.275094 0
8.285094 0
8.295094 0
8.305095 0
8.315095 0
8.325095 0
8.335095 0
8.345096 0
8.355096 0
8.365096 0
8.375096 1
8.385097 0
8.395097 0
8.405097 0
8.415097 0
8.425097 0
8.435098 0
8.445098 0
8.455098 1
8.465098 0
8.475099 0
8.485099 0
8.495099 0
8.505099 1
8.5151 0
8.5251 0
8.5351 1
8.5451 0
8.5551 0
8.565101 0
8.575101 0
8.585101 0
8.595101 0
8.605102 0
8.615102 0
8.625102 0
8.635102 1
8.645103 1
8.655103 0
8.665103 0
8.675103 0
8.685103 0
8.695104 0
8.705104 1
8.715104 0
8.725104 0
8.735105 0
8.745105 0
8.755105 0
8.765105 0
8.775105 0
8.785106 0
8.795106 0
8.805106 0
8.815106 0
8.825107 0
8.835107 0
8.845107 0
8.855107 0
8.865108 0
8.875108 0
8.885108 0
8.895108 0
8.905108 0
8.915109 0
8.925109 0
8.935109 0
8.945109 0
8.95511 0
8.96511 0
8.97511 0
8.98511 0
8.995111 0
9.005111 0
9.015111 1
9.025111 0
9.035111 0
9.045112 0
9.055112 0
9.065112 0
9.075112 0
9.085113 0
9.095113 0
9.105113 0
9.115113 0
9.125113 0
9.135114 0
9.145114 0
9.155114 0
9.165114 0
9.175115 0
9.185115 0
9.195115 0
9.205115 0
9.215116 0
9.225116 0
9.235116 0
9.245116 1
9.255116 0
9.265117 0
9.275117 0
9.285117 0
9.295117 0
9.305118 0
9.315118 0
9.325118 1
9.335118 1
9.345119 0
9.355119 0
9.365119 0
9.375119 0
9.385119 0
9.39512 1
9.40512 0
9.41512 0
9.42512 0
9.435121 0
9.445121 0
9.455121 0
9.465121 0
9.475121 0
9.485122 1
9.495122 0
9.505122 0
9.515122 0
9.525123 0
9.535123 0
9.545123 0
9.555123 0
9.565124 0
9.575124 0
9.585124 0
9.595124 0
9.605124 0
9.615125 0
9.625125 0
9.635125 0
9.645125 1
9.655126 0
9.665126 0
9.675126 0
9.685126 0
9.695127 0
9.705127 0
9.715127 0
9.725127 0
9.735127 0
9.745128 0
9.755128 0
9.765128 0
9.775128 0
9.785129 0
9.795129 0
9.805129 0
9.815129 0
9.82513 0
9.83513 0
9.84513 0
9.85513 0
9.86513 0
9.875131 0
9.885131 0
9.895131 0
9.905131 0
9.915132 1
9.925132 0
9.935132 0
9.945132 0
9.955132 0
9.965133 0
9.975133 0
9.985133 0
9.995133 0
10.005134 0
10.015134 0
10.025134 0
10.035134 0
10.045135 0
10.055135 0
10.065135 0
10.075135 0
10.085135 0
10.095136 0
10.105136 0
10.115136 0
10.125136 0
10.135137 0
10.145137 0
10.155137 0
10.165137 0
10.175138 0
10.185138 0
10.195138 0
10.205138 0
10.215138 0
10.225139 0
10.235139 0
10.245139 0
10.255139 0
10.26514 0
10.27514 0
10.28514 0
10.29514 0
10.30514 0
10.315141 0
10.325141 0
10.335141 0
10.345141 0
10.355142 0
10.365142 0
10.375142 0
10.385142 0
10.395143 0
10.405143 0
10.415143 1
10.425143 0
10.435143 0
10.445144 0
10.455144 0
10.465144 0
10.475144 0
10.485145 0
10.495145 0
10.505145 0
10.515145 0
10.525146 0
10.535146 0
10.545146 0
10.555146 0
10.565146 0
10.575147 0
10.585147 0
10.595147 0
10.605147 0
10.615148 0
10.625148 1
10.635148 0
10.645148 0
10.655149 0
10.665149 0
10.675149 0
10.685149 1
10.695149 0
10.70515 0
10.71515 0
10.72515 0
